kinematics:
  shoulder:
    x: 0
    y: 0
    z: 0.08929113783473272
    roll: -0
    pitch: 0
    yaw: -1.6609414788323686e-06
  upper_arm:
    x: -2.0529977265646692e-05
    y: 0
    z: 0
    roll: 1.5702658345428395
    pitch: 0
    yaw: 5.3802120208135801e-05
  forearm:
    x: -0.42555245848866463
    y: 0
    z: 0
    roll: 3.1396453217598292
    pitch: 3.138846275720093
    yaw: -3.1414871526039487
  wrist_1:
    x: -0.39210558906979476
    y: 0.0013026987765673492
    z: 0.11103392053793122
    roll: 3.1298607521765223
    pitch: 3.1391776155569433
    yaw: 3.141534041427184
  wrist_2:
    x: 4.5928589178194744e-06
    y: -0.094828870456170902
    z: 1.1948850337105755e-06
    roll: 1.5707837263597348
    pitch: 0
    yaw: -7.4285082535197844e-05
  wrist_3:
    x: 3.9024472348675606e-05
    y: 0.082400182820517351
    z: 3.6834852851123721e-05
    roll: 1.571243350686552
    pitch: 3.1415926535897931
    yaw: -3.1415585297796391
  hash: calib_17626081844770814203